version 0
window 0 0 0 0 1 640 0
options 66 96 12 4 -256 -256 -256 -11264 -8704 -7680 -13312 0 0 0 0 0 1 1 1 1 0 26368 27392 30720 1 0 1 0
recognize 55 5 0 100 100 100 33
blocks 1 1 0 0 0 0 0 0 0 0 0 0 0 0 0 0 0 0 0 0 0 0 0 0 0 0 0 0 0 0 0 0 0 0 0 0 0 0 0 0 0 0 0 0 0 0 0 0 0 0 0 0 0 0 0 0 0 0 0 0 0 0 0 0 0 0 0 0 0 0 0 0 0 0 0 0 0 0 0 0 0 0 0 0 0 0 0 0 0 0 0 0 0 0 0 0 0 0 0 0 0 0 0 0 0 0 0 0 0 0 0 0 0 0 0 0 0 0 0 0 0 0 0 0 0 0
sample    51     1   -2  -91   18  -86   49  -59   51  -54   54  -37   53  -28   47  -24   41  -24   27  -20   25  -18   25  -15   32   -9   50   14   60   38   58   46   41   52   13   55  -27   61    ;
sample    61     1  -52  -41  -51  -43  -51  -48  -27  -50   10  -33   29   -1   30    5   29   10   12   25  -12   35  -26   35  -26   23   -7   19   75   19    ;
sample    39     1    0  -77    0  -21    2   -4    5    5    ;
sample    98    45  -22 -100  -21  -68  -21   22  -23   32  -25   32  -26   30  -29  -21  -29  -37  -21  -42   -7  -43   11  -42   21  -32   22    2   17    9    0   21  -12   25  -32   27  -44   27    ;
sample    57     1   44  -44   40  -48   38  -49   16  -49    0  -51   -9  -49  -12  -46  -14  -40  -15  -12  -11   -2   -7    1    2    2   11    1   12    0   19  -29   19  -32   21  -39   24  -39   25  -37   25   16   27   27   30   30    ;
sample    97    43  -21  -51    3  -50   21  -47   32  -42   36  -39   39  -35   43    3   43   21   42   25   34   38   21   46    7   50   -1   49   -9   43  -16   31  -17   25  -17  -24  -16  -26    0  -30   18  -31   24  -30   32  -24   36  -18    ;
sample    69    42   54  -80    0  -79  -12  -77  -13  -75  -13  -28   -7    0   -6   10   -4   16    3   18   43   18    ;   43  -25    3  -24   -7  -25    ;
sample    46    46    3   32    ;
sample    45    40  -29  -14   -6   -7   10   -6   29   -3    ;
sample    46    47    0   29    ;
sample    45    38  -18  -14    0  -12   10   -9   18   -9   47   -6   73   -6   76   -7    ;
sample    33     1    3 -113    3  -25    ;    3   69    ;
sample    34     2  -10  -65   -9  -28  -10  -25    ;   18  -62   18  -18    ;
sample    35     3  -54   36  -53   18  -47   -6  -40  -14  -35  -28  -34  -42  -28  -61  -28  -64  -27  -66  -21  -69    ;  -10   32    0   14    4  -13    7  -20    7  -31   14  -46   14  -53   18  -64   18  -84    ;  -73  -21  -57  -20  -50  -21  -46  -23  -17  -24   -9  -27   54  -28   58  -29    ;  -58   10   36   10   40    9   43    7    ;
sample    36     4    3 -113    3   21    ;   18  -54   18  -72   17  -74   14  -75  -24  -75  -29  -73  -32  -64  -34  -61  -35  -50  -34  -46  -31  -43   36  -42   39  -41   40  -39   40  -20   39  -17   36  -14   21   -9  -20   -9  -25  -10    ;
sample    37     5    3  -76  -13  -79  -17  -79  -24  -76  -30  -71  -31  -68  -31  -50  -30  -48  -24  -46  -13  -46   -6  -47   -3  -50   -2  -53   -2  -72   -3  -76    ;   47  -76   31  -58   30  -56   20  -51   11  -39    9  -32    3  -27    1  -24   -1  -13   -8    0  -12    4  -14   18    ;   32  -21   31   -6   30   -5   29    7   30    9   32   10   40   10   46    9   47    7   47  -17   46  -19   40  -20   37  -19   36  -17   36   -7    ;
sample    38     7   54  -69   40  -76   29  -85   -6  -86  -13  -85  -16  -83  -20  -72  -20  -42  -17  -35  -12  -29   14  -28   18  -29    9  -26    2  -20    0  -13   -2  -10   -5   -8   -8    0  -12    4  -13   43  -12   45   -6   47   21   47   30   40   33   32   41   22   46   17   48   11   51    7   51  -20   50  -23   40  -25    ;   10    7   18   21   21   24   29   25   33   28   41   31   50   33   54   36   65   39   76   47   84   47    ;
sample    39    49    0  -84    4  -65    9  -60   10  -57   10  -42   14  -36    ;
sample    40     9   29  -98   16  -91    9  -80    2  -72   -6  -53   -6    7    0   21    0   25    2   30   10   36   19   47   21   53   32   58   47   58    ;
sample    41    10  -21  -80   -6  -61   -6  -53   -2  -42   -2  -35    0  -28    0  -17    3   84    2   90   -3   94  -17   98  -25   98    ;
sample    42    11  -21  -84  -16  -65   -6  -57    1  -48    7  -46   14  -46   17  -47   18  -68   17  -71   14  -71   11  -68    6  -58    0  -53   -5  -42  -12  -34  -14  -28  -20  -21  -24  -20  -31  -20  -34  -21  -35  -24  -35  -46  -34  -49  -31  -50  -13  -50   -5  -52    0  -56   14  -58    ;
sample    43    12    0  -47    0   51    ;  -29    3    0   -8   10  -13   18  -16   29  -17   36  -20   43  -21    ;
sample    44    13    0   10    0   53   -7   61   -9   62  -17   63  -18   65    ;
sample    45    14   -3  -10   54   -9   58  -10    ;
sample    46    52    0   21    ;
sample    47    16  -40   47  -32   21  -27    0  -10  -50    6 -112   13 -124   18 -126   36 -126   36 -127    ;
sample    48    17   36  -62   18  -68   15  -67   11  -61   10  -50    9  -47    3  -39    3   36    4   38   14   43   29   42   39   29   41   23   46   20   47   18   47   10   51    0   51  -57   50  -60   47  -61   36  -61   32  -62    ;
sample    49    18  -14  -54   -5  -71   -2  -75    1  -86    3  -89   10  -90   13  -89   14  -83   14   51    ;
sample    50    19  -36  -69  -22  -77  -19  -83   -3  -87    0  -90   14  -94   40  -94   46  -92   47  -90   47  -28   46  -25   40  -17   39  -14   33   -8   31   -7   30   -5   20    0    9    8    1   11   -2   15   -6   17  -18   18   10   18   21   14   29   13   32   11   40   10   45    8   49    4   51    3   54    3    ;
sample    51    51  -18  -87   10  -85   14  -84   16  -82   18  -75   18  -46   17  -42    9  -32    1  -27    0  -25   -3  -25    3  -24   21  -24   30  -21   32  -17   32    3   31    9   21   14   14   14   -2   18  -36   18    ;
sample    52    21  -32   -7  -20  -24  -16  -35   -7  -43   -5  -50    3  -64    3  -68    4  -70   11  -74   15  -85   21  -93   28  -92   29  -90   29   32    ;  -40   -3  -20  -12  -13  -16   -6  -18   -2  -20    0  -23    3  -25   21  -31   29  -32   32  -34   51  -35   53  -34   54  -32    ;
sample    53    22  -14  -87  -13  -35  -12  -33   -6  -31   -2  -31    0  -32    1  -34    3  -35   21  -35   28  -33   30  -31   32  -24   32   18   29   24   21   29   -6   29  -12   27  -13   25  -13  -20  -14  -25    ;   -7  -76   21  -72   47  -72   51  -73    ;
sample    54    23   14  -73   -2  -75   -5  -74   -7  -69  -11  -63  -13  -57  -13  -46  -14  -42  -16  -39  -17    0  -16    3  -12    8    0   14   14   14   17   13   18   10   18    3   19    1   24   -3   25  -20   24  -22   18  -24  -13  -24  -18  -25    ;
sample    55    24  -36  -87   -9  -86    0  -90   29  -90   31  -89   32  -83   32  -39   30  -31   26  -24   19  -19   13   -3   10    0    9    9    0   21    0   24   -5   30  -10   32    ;
sample    56    53   32  -58   31  -72   -9  -72  -17  -71  -23  -67  -27  -61  -29  -54  -34  -49  -35  -46  -35  -28  -34  -25  -28  -20  -21  -16  -17  -13   -9  -12   -6  -10   18   -5   28    1   29    3   29   21   28   25   25   28    7   36  -17   36  -19   35  -23   29  -24    0  -16  -11   -9  -14   -1  -24    0  -27   10  -30   14  -32   19  -37   31  -43   33  -49   36  -53   36  -58    ;
sample    57    44   25  -47   25  -90   24  -93   14  -94    3  -94   -2  -93   -9  -90  -18  -84  -21  -76  -26  -71  -28  -64  -28  -57  -31  -50  -31  -35  -30  -31  -28  -29  -17  -24    3  -24    6  -25    8  -30   13  -36   21  -58   21   32   20   35   13   42    4   44    0   47   -3   47    ;
sample    58    27   -3  -58    ;   -3   43    ;
sample    59    28  -29  -47    ;  -29   25  -28   80  -29   84    ;
sample    60    29   36  -36   21  -33   14  -28    4  -19    0  -16   -2  -13  -19    1  -20    3  -20    7  -17   11  -13   13    0   14    3   15   11   20   17   22   21   25   29   25   33   28   41   31   65   32    ;
sample    61    50  -18   -7   10   -6   14   -7    ;  -18   29   10   29   13   28   15   26   28   23   29   21    ;
sample    62    31  -58  -40  -42  -28  -38  -21  -30  -18  -21  -16  -20  -13  -20    0  -21    3  -34   14  -36   21  -43   31  -51   39  -54   43    ;
sample    63    32  -25  -54  -11  -70    3  -80   14  -83   21  -83   29  -86   40  -86   46  -85   47  -83   47  -42   37  -30   33  -27   32  -24   32    3    ;   29   51    ;
sample    64    33   21  -14    4    1    2    2    0    7    0   13   -2   21   -2   32    0   36   10   36   13   35   17   29   20   20   21    7   22    4   28    0   29   -2   29  -13   32  -24   32  -46   31  -49   29  -50    3  -50    1  -49   -1  -42  -14  -24  -18  -17  -20   -9  -21   -2  -23    0  -24    3  -24   40  -23   43  -16   50  -13   52   -6   53    0   58   36   58   39   57   41   49   46   45   47   43   47   40    ;
sample    65    34  -36   36  -35  -50  -31  -61  -31  -72  -30  -74  -24  -78  -21  -78  -20  -72  -17  -64  -17  -50  -14  -42  -13  -24  -12  -21   -7  -16   -6  -13   -6    7   -3   11   -2   14   -2   32    0   36    ;    0   -3  -24   -2  -32    0    ;
sample    66    35  -25  -65  -24  -39  -20  -24  -20   14  -17   32  -18   40  -17  -50  -14  -54   -3  -58    0  -61   25  -61   28  -60   29  -57   29  -31   28  -28   25  -25   18  -23    7  -14    0  -10   -1   -8   -5   -7   -5   -8    7  -13   43  -13   46  -12   47   14   45   20   43   22   30   26   28   28   25   29   18   29    7   32    0   32   -3   35   -6   36  -25   36    ;
sample    67    36   25  -76   12  -69    9  -64    7  -64    1  -60   -8  -39   -9    7   -8    9   -6   10   14   10   32    1   36    0    ;
sample    68    37  -29  -65  -24  -46  -24  -24  -23  -20  -21  -17  -20  -13  -20   14  -18   25  -18   29    ;  -21  -58   32  -57   35  -56   36   10   32   21   29   25   25   28    7   29    0   32   -9   32  -21   36    ;
sample    46    54   -8  -22    ;
sample    46    48  -22   33  -22   30    ;
sample    56     1   19  -19   18  -20   11  -21  -12  -29  -26  -28  -26  -25  -21  -24  -15  -24    0  -21   13  -12   20    0   22   16   22   22   21   24   13   28    0   31  -15   33  -29   32  -31   30  -30   25  -18   22   13   22    ;
